206 200.0 0
206 200.0 0
203 200.0 0
203 200.0 0
201 200.0 0
201 200.0 0
198 200.0 0
198 200.0 0
196 200.0 0
196 200.0 0
194 200.0 0
194 200.0 0
192 200.0 0
192 200.0 0
190 200.0 0
190 200.0 0
189 200.0 0
189 200.0 0
187 200.0 0
187 200.0 0
186 200.0 0
186 200.0 0
185 200.0 0
185 200.0 0
184 200.0 0
184 200.0 0
183 200.0 0
183 200.0 0
183 200.0 0
183 200.0 0
183 200.0 0
183 200.0 0
182 199.8691069517204 1
183 199.60736072645167 2
183 199.21484105462963 3
183 198.69166750154872 4
183 198.0379994309413 5
183 197.25403595643394 6
184 196.34001588089532 7
184 195.29621762369482 8
184 194.1229591358931 9
184 192.82059780339114 10
185 191.3895303380671 11
186 189.83019265693386 12
186 188.14305974935488 13
187 186.32864553235734 14
188 184.38750269408845 15
188 182.32022252546093 16
188 180.12743474004043 17
189 177.8098072822283 18
191 175.36804612379964 19
191 172.80289504885712 20
192 170.11513542726738 21
192 167.42737580567763 21
193 164.73961618408788 21
193 162.05185656249813 21
195 159.36409694090838 21
195 156.67633731931863 21
196 153.98857769772889 21
196 151.30081807613914 21
196 148.6130584545494 21
197 146.04790737960687 20
197 143.60614622117822 19
198 141.28851876336608 18
198 139.09573097794558 17
198 137.02845080931806 16
200 135.08730797104917 15
200 133.27289375405164 14
201 131.58576084647265 13
201 130.02642316533942 12
201 128.59535570001538 11
202 127.29299436751342 10
202 126.1197358797117 9
203 125.07593762251119 8
203 124.16191754697257 7
203 123.37795407246516 6
203 122.7242860018577 5
203 122.20111244877675 4
203 121.80859277695467 3
204 121.41607310513258 3
204 121.0235534333105 3
205 120.63103376148841 3
205 120.23851408966632 3
205 119.84599441784424 3
205 119.45347474602215 3
206 119.06095507420007 3
206 118.66843540237798 3
206 118.2759157305559 3
206 117.88339605873381 3
206 117.62164983346504 2
206 117.4907567851854 1
206 117.4907567851854 0
206 117.62164983346504 -1
206 117.88339605873381 -2
206 118.2759157305559 -3
206 118.79908928363685 -4
205 119.4527573542443 -5
205 120.10642542485175 -5
205 120.7600934954592 -5
205 121.41376156606665 -5
204 122.0674296366741 -5
204 122.72109770728156 -5
204 123.37476577788901 -5
204 124.02843384849646 -5
203 124.68210191910391 -5
203 125.33576998971137 -5
202 125.98943806031882 -5
202 126.64310613092627 -5
201 127.29677420153372 -5
201 127.95044227214117 -5
200 128.60411034274858 -5
200 129.257778413356 -5
199 129.9114464839634 -5
199 130.5651145545708 -5
198 131.21878262517822 -5
198 131.87245069578563 -5
197 132.52611876639304 -5
197 133.17978683700045 -5
196 133.83345490760786 -5
196 134.48712297821527 -5
195 135.14079104882268 -5
195 135.7944591194301 -5
194 136.4481271900375 -5
194 137.1017952606449 -5
193 137.75546333125232 -5
193 138.40913140185972 -5
192 139.06279947246713 -5
192 139.71646754307454 -5
191 140.37013561368195 -5
191 141.02380368428936 -5
190 141.67747175489677 -5
190 142.33113982550418 -5
189 142.9848078961116 -5
189 143.638475966719 -5
188 144.2921440373264 -5
188 144.94581210793382 -5
187 145.59948017854123 -5
187 146.12265373162214 -4
187 146.51517340344418 -3
187 146.7769196287129 -2
187 146.9078126769925 -1
187 146.9078126769925 0
186 146.7769196287129 1
186 146.6460265804333 1
185 146.5151335321537 1
185 146.3842404838741 1
185 146.2533474355945 1
185 146.1224543873149 1
185 145.9915613390353 1
185 145.86066829075568 1
184 145.72977524247608 1
184 145.59888219419648 1
184 145.46798914591687 1
184 145.33709609763727 1
184 145.20620304935767 1
184 145.07531000107807 1
184 144.94441695279846 1
184 144.81352390451886 1
184 144.68263085623926 1
184 144.55173780795965 1
184 144.28999158269093 2
184 143.8974719108689 3
184 143.37429835778798 4
184 142.85112480470707 4
184 142.32795125162616 4
184 141.80477769854525 4
184 141.28160414546434 4
185 140.75843059238343 4
185 140.23525703930252 4
185 139.71208348622162 4
185 139.1889099331407 4
185 138.6657363800598 4
185 138.1425628269789 4
186 137.61938927389798 4
186 137.09621572081707 4
186 136.57304216773616 4
186 136.18052249591412 3
186 135.9187762706454 2
186 135.7878832223658 1
186 135.7878832223658 0
187 135.7878832223658 0
187 135.7878832223658 0
187 135.7878832223658 0
187 135.7878832223658 0
187 135.7878832223658 0
187 135.7878832223658 0
187 135.7878832223658 0
187 135.7878832223658 0
187 135.7878832223658 0
187 135.7878832223658 0
188 135.7878832223658 0
188 135.7878832223658 0
188 135.7878832223658 0
188 135.7878832223658 0
188 135.7878832223658 0
188 135.7878832223658 0
188 135.7878832223658 0
188 135.7878832223658 0
188 135.7878832223658 0
188 135.7878832223658 0
187 135.7878832223658 0
187 135.6569901740862 1
187 135.39524394881747 2
187 135.00272427699542 3
187 134.4795507239145 4
187 133.8258826533071 5
186 133.1722145826997 5
186 132.51854651209229 5
186 131.86487844148488 5
186 131.21121037087747 5
186 130.55754230027006 5
186 129.90387422966265 5
185 129.25020615905524 5
185 128.59653808844783 5
185 127.9428700178404 5
185 127.28920194723295 5
184 126.6355338766255 5
184 125.98186580601805 5
184 125.3281977354106 5
184 124.67452966480315 5
184 124.1513561117222 4
184 123.75883643990011 3
184 123.49709021463134 2
184 123.3661971663517 1
183 123.3661971663517 0
183 123.3661971663517 0
183 123.3661971663517 0
183 123.3661971663517 0
183 123.3661971663517 0
183 123.3661971663517 0
183 123.3661971663517 0
183 123.3661971663517 0
183 123.3661971663517 0
183 123.3661971663517 0
183 123.3661971663517 0
183 123.3661971663517 0
183 123.3661971663517 0
183 123.3661971663517 0
183 123.3661971663517 0
183 123.3661971663517 0
183 123.3661971663517 0
183 123.3661971663517 0
184 123.3661971663517 0
184 123.3661971663517 0
184 123.3661971663517 0
184 123.3661971663517 0
185 123.3661971663517 0
185 123.3661971663517 0
186 123.3661971663517 0
186 123.3661971663517 0
187 123.3661971663517 0
187 123.3661971663517 0
188 123.3661971663517 0
188 123.3661971663517 0
190 123.3661971663517 0
190 123.3661971663517 0
191 123.3661971663517 0
191 123.3661971663517 0
193 123.3661971663517 0
193 123.3661971663517 0
195 123.3661971663517 0
195 123.3661971663517 0
197 123.3661971663517 0
197 123.3661971663517 0
199 123.3661971663517 0
199 123.3661971663517 0
201 123.3661971663517 0
201 123.3661971663517 0
204 123.3661971663517 0
204 123.3661971663517 0
206 123.3661971663517 0
206 123.3661971663517 0
209 123.3661971663517 0
209 123.3661971663517 0
212 123.3661971663517 0
212 123.3661971663517 0
215 123.3661971663517 0
215 123.3661971663517 0
218 123.3661971663517 0
218 123.3661971663517 0
221 123.3661971663517 0
221 123.3661971663517 0
224 123.3661971663517 0
224 123.3661971663517 0
226 123.3661971663517 0
226 123.3661971663517 0
229 123.3661971663517 0
229 123.3661971663517 0
232 123.49709021463134 -1
235 123.75883643990011 -2
235 124.1513561117222 -3
238 124.67452966480315 -4
241 125.3281977354106 -5
241 126.11216120991801 -6
243 126.89612468442543 -6
243 127.68008815893285 -6
246 128.46405163344025 -6
246 129.24801510794762 -6
248 130.031978582455 -6
248 130.81594205696237 -6
248 131.59990553146974 -6
250 132.51392560700836 -7
252 133.55772386420887 -8
254 134.73098235201059 -9
254 135.9042408398123 -9
255 137.07749932761402 -9
255 138.25075781541574 -9
257 139.42401630321746 -9
257 140.59727479101917 -9
258 141.7705332788209 -9
258 142.9437917666226 -9
258 144.11705025442433 -9
258 145.29030874222605 -9
259 146.46356723002776 -9
259 147.76592856252972 -10
259 149.19699602785377 -11
259 150.756333708987 -12
259 152.44346661656598 -13
259 154.13059952414497 -13
259 155.81773243172395 -13
259 157.50486533930294 -13
258 159.19199824688192 -13
258 160.8791311544609 -13
257 162.5662640620399 -13
257 164.25339696961888 -13
256 165.94052987719786 -13
256 167.62766278477685 -13
255 169.31479569235583 -13
255 171.0019285999348 -13
253 172.6890615075138 -13
253 174.37619441509278 -13
251 176.06332732267177 -13
251 177.75046023025075 -13
249 179.43759313782974 -13
249 181.12472604540872 -13
246 182.8118589529877 -13
246 184.4989918605667 -13
244 186.18612476814567 -13
244 187.87325767572466 -13
241 189.56039058330364 -13
241 191.11972826443687 -12
241 192.55079572976092 -11
238 193.85315706226288 -10
238 195.0264155500646 -9
238 196.0702138072651 -8
234 196.98423388280372 -7
234 197.7681973573111 -6
231 198.4218654279185 -5
231 198.9450389809994 -4
231 199.46821253408032 -4
227 199.99138608716123 -4
227 200.51455964024214 -4
224 201.03773319332305 -4
224 201.56090674640396 -4
220 202.08408029948487 -4
220 202.4765999713069 -3
216 202.73834619657563 -2
216 202.86923924485524 -1
216 202.86923924485524 0
212 202.73834619657563 1
208 202.4765999713069 2
208 202.08408029948487 3
204 201.56090674640396 4
204 201.03773319332305 4
201 200.51455964024214 4
201 199.99138608716123 4
197 199.46821253408032 4
197 198.9450389809994 4
193 198.4218654279185 4
193 197.8986918748376 4
189 197.3755183217567 4
189 196.85234476867578 4
185 196.19867669806837 5
182 195.54500862746096 5
182 194.89134055685355 5
178 194.23767248624614 5
178 193.58400441563873 5
175 192.93033634503132 5
175 192.2766682744239 5
172 191.6230002038165 5
172 190.9693321332091 5
169 190.31566406260168 5
169 189.5317005880943 6
166 188.6176805125557 7
166 187.5738822553552 8
163 186.40062376755347 9
161 185.0982624350515 10
161 183.66719496972746 11
158 182.2361275044034 11
158 180.80506003907936 11
156 179.37399257375532 11
156 177.94292510843127 11
154 176.51185764310722 11
154 175.08079017778317 11
153 173.52145249664994 12
153 171.83431958907096 13
151 170.01990537207342 14
150 168.07876253380454 15
150 166.01148236517702 16
149 163.8186945797565 17
149 161.50106712194437 18
149 159.18343966413224 18
148 156.8658122063201 18
148 154.54818474850796 18
147 152.23055729069583 18
147 149.9129298328837 18
147 147.59530237507155 18
147 145.27767491725942 18
146 142.96004745944728 18
146 140.64242000163514 18
146 138.324792543823 18
146 136.00716508601087 18
146 133.68953762819874 18
146 131.49674984277823 17
146 129.4294696741507 16
146 127.48832683588182 15
146 125.67391261888433 14
146 123.98677971130535 13
146 122.42744203017216 12
146 120.99637456484807 11
147 119.69401323234611 10
147 118.52075474454439 9
147 117.47695648734388 8
147 116.56293641180527 7
147 115.77897293729785 6
148 114.99500946279043 6
148 114.21104598828302 6
148 113.4270825137756 6
148 112.64311903926819 6
149 111.85915556476077 6
149 111.07519209025335 6
150 110.29122861574594 6
150 109.50726514123852 6
151 108.7233016667311 6
151 107.93933819222369 6
152 107.15537471771627 6
152 106.37141124320885 6
153 105.58744776870144 6
153 104.80348429419402 6
154 104.0195208196866 6
154 103.23555734517919 6
155 102.45159387067177 6
155 101.66763039616436 6
156 100.88366692165694 6
156 100.09970344714952 6
157 99.3157399726421 6
157 98.53177649813469 6
158 97.74781302362727 6
158 96.96384954911986 6
160 96.3101814785124 5
160 95.78700792543145 4
161 95.39448825360937 3
161 95.1327420283406 2
161 95.00184898006096 1
162 95.00184898006096 0
162 95.1327420283406 -1
164 95.26363507662025 -1
164 95.39452812489989 -1
165 95.52542117317954 -1
165 95.65631422145918 -1
166 95.78720726973883 -1
166 95.91810031801847 -1
168 96.04899336629812 -1
168 96.17988641457777 -1
169 96.31077946285741 -1
169 96.44167251113706 -1
171 96.5725655594167 -1
171 96.70345860769635 -1
172 96.834351655976 -1
172 96.96524470425564 -1
174 97.09613775253528 -1
174 97.22703080081493 -1
175 97.35792384909458 -1
175 97.48881689737422 -1
177 97.75056312264299 -2
179 98.14308279446507 -3
179 98.53560246628716 -3
181 98.92812213810925 -3
181 99.32064180993133 -3
183 99.71316148175342 -3
183 100.1056811535755 -3
185 100.49820082539759 -3
185 100.89072049721968 -3
187 101.28324016904176 -3
187 101.67575984086385 -3
189 102.06827951268593 -3
189 102.46079918450802 -3
191 102.8533188563301 -3
191 103.24583852815219 -3
194 103.63835819997428 -3
194 104.03087787179636 -3
196 104.42339754361845 -3
196 104.81591721544054 -3
198 105.20843688726262 -3
198 105.60095655908471 -3
201 105.9934762309068 -3
201 106.38599590272888 -3
204 106.90916945580983 -4
204 107.56283752641728 -5
206 108.3468010009247 -6
209 109.26082107646332 -7
209 110.17484115200193 -7
212 111.08886122754055 -7
212 112.00288130307916 -7
215 112.91690137861778 -7
215 113.8309214541564 -7
218 114.74494152969501 -7
218 115.65896160523363 -7
220 116.57298168077224 -7
220 117.48700175631086 -7
223 118.40102183184948 -7
223 119.31504190738809 -7
226 120.22906198292671 -7
226 121.14308205846532 -7
229 122.05710213400394 -7
229 122.97112220954256 -7
232 123.88514228508117 -7
232 124.79916236061979 -7
235 125.7131824361584 -7
235 126.75698069335891 -8
238 127.93023918116063 -9
238 129.2326005136626 -10
241 130.66366797898664 -11
241 132.0947354443107 -11
243 133.52580290963473 -11
243 134.95687037495878 -11
246 136.38793784028283 -11
246 137.81900530560688 -11
248 139.25007277093093 -11
248 140.68114023625498 -11
251 142.11220770157902 -11
251 143.54327516690307 -11
253 144.97434263222712 -11
253 146.40541009755117 -11
255 147.83647756287522 -11
255 149.26754502819927 -11
257 150.6986124935233 -11
257 152.12967995884736 -11
258 153.5607474241714 -11
258 154.99181488949546 -11
260 156.4228823548195 -11
260 157.85394982014355 -11
261 159.2850172854676 -11
261 160.58737861796956 -10
262 161.76063710577128 -9
262 162.8044353629718 -8
262 163.7184554385104 -7
262 164.50241891301778 -6
263 165.1560869836252 -5
263 165.8097550542326 -5
263 166.46342312484 -5
263 167.11709119544741 -5
263 167.77075926605482 -5
263 168.42442733666223 -5
263 169.07809540726964 -5
263 169.73176347787705 -5
263 170.38543154848446 -5
263 171.16939502299184 -6
263 172.08341509853045 -7
262 173.12721335573096 -8
261 174.30047184353268 -9
261 175.4737303313344 -9
259 176.6469888191361 -9
259 177.82024730693783 -9
257 178.99350579473955 -9
257 180.16676428254127 -9
256 181.34002277034298 -9
256 182.5132812581447 -9
256 183.68653974594642 -9
253 184.85979823374814 -9
253 186.03305672154985 -9
251 187.20631520935157 -9
251 188.3795736971533 -9
248 189.552832184955 -9
248 190.72609067275673 -9
246 191.89934916055844 -9
246 193.07260764836016 -9
243 194.24586613616188 -9
243 195.2896643933624 -8
239 196.203684468901 -7
239 196.98764794340838 -6
239 197.64131601401579 -5
236 198.1644895670967 -4
236 198.55700923891874 -3
233 198.81875546418746 -2
233 198.94964851246706 -1
233 199.08054156074667 -1
229 199.21143460902627 -1
229 199.34232765730587 -1
225 199.47322070558548 -1
225 199.60411375386508 -1
221 199.73500680214468 -1
221 199.86589985042428 -1
218 199.9967928987039 -1
218 200.1276859469835 -1
214 200.2585789952631 -1
214 200.3894720435427 -1
210 200.5203650918223 -1
210 200.6512581401019 -1
206 200.7821511883815 -1
206 200.9130442366611 -1
202 201.0439372849407 -1
202 201.1748303332203 -1
198 201.30572338149992 -1
198 201.43661642977952 -1
195 201.56750947805912 -1
195 201.69840252633873 -1
191 201.69840252633873 0
191 201.56750947805912 1
187 201.3057632527904 2
184 200.91324358096836 3
184 200.39007002788745 4
181 199.86689647480654 4
181 199.34372292172563 4
178 198.82054936864472 4
178 198.2973758155638 4
175 197.7742022624829 4
175 197.251028709402 4
172 196.72785515632108 4
172 196.20468160324018 4
