186 206 200.0 0
186 206 200.0 0
185 203 200.0 0
185 203 200.0 0
185 203 200.0 0
184 201 200.0 0
184 201 200.0 0
183 198 200.0 0
183 198 200.0 0
183 198 200.0 0
183 196 200.0 0
183 196 200.0 0
183 194 200.0 0
183 194 200.0 0
183 194 200.0 0
182 192 200.0 0
182 192 200.0 0
183 190 200.0 0
183 190 200.0 0
183 190 200.0 0
183 189 200.0 0
183 189 200.0 0
183 187 200.0 0
183 187 200.0 0
183 187 200.0 0
184 186 200.0 0
184 186 199.0 -1
184 185 198.0 -1
184 185 197.0 -1
184 185 196.0 -1
185 184 195.0 -1
185 184 194.0 -1
186 183 193.0 -1
186 183 192.0 -1
186 183 191.0 -1
187 183 190.0 -1
187 183 189.0 -1
188 183 188.0 -1
188 183 187.0 -1
188 183 186.0 -1
189 182 185.0 -1
189 182 184.0 -1
191 183 183.0 -1
191 183 182.0 -1
191 183 181.0 -1
192 183 180.0 -1
192 183 179.0 -1
193 183 178.0 -1
193 183 177.0 -1
193 183 176.0 -1
195 184 175.0 -1
195 184 174.0 -1
196 184 173.0 -1
196 184 172.0 -1
196 184 171.0 -1
197 185 170.0 -1
197 185 169.0 -1
198 186 168.0 -1
198 186 167.0 -1
198 186 166.0 -1
200 187 165.0 -1
200 187 164.0 -1
201 188 163.0 -1
201 188 162.0 -1
201 188 161.0 -1
202 189 160.0 -1
202 189 159.0 -1
203 191 158.0 -1
203 191 157.0 -1
203 191 156.0 -1
203 192 155.0 -1
203 192 154.0 -1
204 193 153.0 -1
204 193 152.0 -1
204 193 151.0 -1
205 195 150.0 -1
205 195 149.0 -1
205 196 148.0 -1
205 196 147.0 -1
205 196 146.0 -1
206 197 145.0 -1
206 197 144.0 -1
206 198 143.0 -1
206 198 142.0 -1
206 198 141.0 -1
206 200 140.0 -1
206 200 139.0 -1
206 201 138.0 -1
206 201 137.0 -1
206 201 136.0 -1
206 202 135.0 -1
206 202 134.0 -1
206 203 133.0 -1
206 203 132.0 -1
206 203 131.0 -1
205 203 131.0 0
205 203 131.0 0
205 204 132.0 1
205 204 133.0 1
205 204 134.0 1
204 205 135.0 1
204 205 136.0 1
204 205 137.0 1
204 205 137.0 0
204 205 137.0 0
203 206 137.0 0
203 206 137.0 0
202 206 137.0 0
202 206 137.0 0
202 206 137.0 0
201 206 137.0 0
201 206 137.0 0
200 206 137.0 0
200 206 137.0 0
200 206 136.0 -1
199 206 135.0 -1
199 206 134.0 -1
198 206 133.0 -1
198 206 132.0 -1
198 206 131.0 -1
197 205 130.0 -1
197 205 129.0 -1
196 205 129.0 0
196 205 129.0 0
196 205 129.0 0
195 204 129.0 0
195 204 129.0 0
194 204 129.0 0
194 204 129.0 0
194 204 130.0 1
193 203 131.0 1
193 203 132.0 1
192 202 133.0 1
192 202 134.0 1
192 202 135.0 1
191 201 136.0 1
191 201 136.0 0
190 200 136.0 0
190 200 136.0 0
190 200 136.0 0
189 199 136.0 0
189 199 136.0 0
188 198 136.0 0
188 198 136.0 0
188 198 136.0 0
187 197 136.0 0
187 197 136.0 0
187 196 136.0 0
187 196 136.0 0
187 196 137.0 1
186 195 138.0 1
186 195 139.0 1
185 194 140.0 1
185 194 141.0 1
185 194 142.0 1
185 193 142.0 0
185 193 142.0 0
185 192 142.0 0
185 192 142.0 0
185 192 142.0 0
184 191 142.0 0
184 191 142.0 0
184 190 142.0 0
184 190 142.0 0
184 190 142.0 0
184 189 142.0 0
184 189 142.0 0
184 188 141.0 -1
184 188 140.0 -1
184 188 139.0 -1
184 187 139.0 0
184 187 139.0 0
184 187 139.0 0
184 187 139.0 0
184 187 139.0 0
184 186 139.0 0
184 186 139.0 0
184 185 139.0 0
184 185 139.0 0
184 185 139.0 0
184 185 139.0 0
184 185 139.0 0
185 185 140.0 1
185 185 141.0 1
185 185 142.0 1
185 184 143.0 1
185 184 144.0 1
185 184 144.0 0
185 184 144.0 0
185 184 144.0 0
186 184 144.0 0
186 184 144.0 0
186 184 144.0 0
186 184 144.0 0
186 184 144.0 0
186 184 144.0 0
186 184 144.0 0
187 184 144.0 0
187 184 144.0 0
187 184 144.0 0
187 184 144.0 0
187 184 144.0 0
187 184 143.0 -1
187 184 142.0 -1
187 184 141.0 -1
187 184 140.0 -1
187 184 140.0 0
187 185 140.0 0
187 185 140.0 0
187 185 140.0 0
188 185 140.0 0
188 185 140.0 0
188 185 140.0 0
188 185 140.0 0
188 185 140.0 0
188 186 140.0 0
188 186 140.0 0
188 186 140.0 0
188 186 140.0 0
188 186 140.0 0
188 186 140.0 0
188 186 140.0 0
187 187 140.0 0
187 187 140.0 0
187 187 140.0 0
187 187 140.0 0
187 187 140.0 0
187 187 140.0 0
187 187 140.0 0
187 187 139.0 -1
187 187 138.0 -1
187 187 137.0 -1
186 187 136.0 -1
186 187 136.0 0
186 187 136.0 0
186 188 136.0 0
186 188 136.0 0
186 188 136.0 0
186 188 136.0 0
186 188 136.0 0
185 188 136.0 0
185 188 136.0 0
185 188 136.0 0
185 188 136.0 0
185 188 136.0 0
184 188 136.0 0
184 188 136.0 0
184 187 136.0 0
184 187 136.0 0
184 187 136.0 0
184 187 136.0 0
184 187 135.0 -1
183 187 134.0 -1
183 187 133.0 -1
183 187 132.0 -1
183 187 132.0 0
183 187 132.0 0
183 186 132.0 0
183 186 132.0 0
183 186 132.0 0
183 186 132.0 0
183 186 132.0 0
183 186 132.0 0
183 186 132.0 0
183 186 132.0 0
183 185 131.0 -1
183 185 130.0 -1
183 185 129.0 -1
183 185 128.0 -1
183 185 127.0 -1
183 184 127.0 0
183 184 127.0 0
183 184 127.0 0
183 184 126.0 -1
183 184 125.0 -1
184 184 124.0 -1
184 184 123.0 -1
184 183 123.0 0
184 183 123.0 0
184 183 123.0 0
185 183 123.0 0
185 183 123.0 0
186 183 123.0 0
186 183 123.0 0
186 183 123.0 0
187 183 123.0 0
187 183 123.0 0
188 183 123.0 0
188 183 123.0 0
188 183 123.0 0
190 183 123.0 0
190 183 123.0 0
191 183 123.0 0
191 183 123.0 0
191 183 123.0 0
193 183 123.0 0
193 183 123.0 0
195 183 123.0 0
195 183 123.0 0
195 183 123.0 0
197 184 123.0 0
197 184 123.0 0
199 184 123.0 0
199 184 123.0 0
199 184 123.0 0
201 185 123.0 0
201 185 123.0 0
204 186 123.0 0
204 186 123.0 0
204 186 123.0 0
206 187 123.0 0
206 187 123.0 0
209 188 123.0 0
209 188 123.0 0
209 188 123.0 0
212 190 123.0 0
212 190 123.0 0
215 191 123.0 0
215 191 123.0 0
215 191 123.0 0
218 193 123.0 0
218 193 123.0 0
221 195 123.0 0
221 195 123.0 0
221 195 123.0 0
224 197 123.0 0
224 197 123.0 0
226 199 123.0 0
226 199 123.0 0
226 199 123.0 0
229 201 123.0 0
229 201 123.0 0
232 204 123.0 0
232 204 123.0 0
232 204 123.0 0
235 206 123.0 0
235 206 123.0 0
238 209 123.0 0
238 209 123.0 0
238 209 123.0 0
241 212 123.0 0
241 212 123.0 0
243 215 123.0 0
243 215 123.0 0
243 215 123.0 0
246 218 123.0 0
246 218 123.0 0
248 221 123.0 0
248 221 123.0 0
248 221 123.0 0
250 224 123.0 0
250 224 123.0 0
252 226 123.0 0
252 226 123.0 0
252 226 123.0 0
254 229 123.0 0
254 229 123.0 0
255 232 123.0 0
255 232 123.0 0
255 232 123.0 0
257 235 123.0 0
257 235 123.0 0
258 238 123.0 0
258 238 123.0 0
258 238 123.0 0
258 241 123.0 0
258 241 123.0 0
259 243 124.0 1
259 243 125.0 1
259 243 126.0 1
259 246 127.0 1
259 246 128.0 1
259 248 129.0 1
259 248 130.0 1
259 248 131.0 1
259 250 132.0 1
259 250 133.0 1
258 252 134.0 1
258 252 135.0 1
258 252 136.0 1
257 254 137.0 1
257 254 137.0 0
256 255 137.0 0
256 255 137.0 0
256 255 137.0 0
255 257 137.0 0
255 257 137.0 0
253 258 137.0 0
253 258 137.0 0
253 258 137.0 0
251 258 137.0 0
251 258 137.0 0
249 259 138.0 1
249 259 139.0 1
249 259 140.0 1
246 259 141.0 1
246 259 142.0 1
244 259 143.0 1
244 259 144.0 1
244 259 145.0 1
241 259 146.0 1
241 259 147.0 1
238 258 148.0 1
238 258 149.0 1
238 258 150.0 1
234 257 151.0 1
234 257 152.0 1
231 256 153.0 1
231 256 154.0 1
231 256 155.0 1
227 255 156.0 1
227 255 157.0 1
224 253 158.0 1
224 253 159.0 1
224 253 160.0 1
220 251 161.0 1
220 251 162.0 1
216 249 163.0 1
216 249 164.0 1
216 249 165.0 1
212 246 166.0 1
212 246 167.0 1
208 244 168.0 1
208 244 169.0 1
208 244 170.0 1
204 241 171.0 1
204 241 172.0 1
201 238 173.0 1
201 238 174.0 1
201 238 175.0 1
197 234 176.0 1
197 234 177.0 1
193 231 178.0 1
193 231 179.0 1
193 231 180.0 1
189 227 181.0 1
189 227 182.0 1
185 224 183.0 1
185 224 184.0 1
185 224 185.0 1
182 220 186.0 1
182 220 187.0 1
178 216 188.0 1
178 216 189.0 1
178 216 190.0 1
175 212 191.0 1
175 212 192.0 1
172 208 192.0 0
172 208 192.0 0
172 208 192.0 0
169 204 192.0 0
169 204 192.0 0
166 201 192.0 0
166 201 192.0 0
166 201 192.0 0
163 197 192.0 0
163 197 192.0 0
161 193 192.0 0
161 193 192.0 0
161 193 192.0 0
158 189 192.0 0
158 189 192.0 0
156 185 192.0 0
156 185 193.0 1
156 185 194.0 1
154 182 195.0 1
154 182 196.0 1
153 178 197.0 1
153 178 197.0 0
153 178 197.0 0
151 175 197.0 0
151 175 196.0 -1
150 172 195.0 -1
150 172 194.0 -1
150 172 193.0 -1
149 169 192.0 -1
149 169 191.0 -1
148 166 190.0 -1
148 166 189.0 -1
148 166 188.0 -1
147 163 187.0 -1
147 163 186.0 -1
147 161 185.0 -1
147 161 185.0 0
147 161 185.0 0
146 158 185.0 0
146 158 185.0 0
146 156 185.0 0
146 156 185.0 0
146 156 185.0 0
146 154 184.0 -1
146 154 183.0 -1
146 153 182.0 -1
146 153 181.0 -1
146 153 180.0 -1
146 151 179.0 -1
146 151 178.0 -1
147 150 177.0 -1
147 150 176.0 -1
147 150 175.0 -1
147 149 174.0 -1
147 149 173.0 -1
148 148 172.0 -1
148 148 171.0 -1
148 148 170.0 -1
148 147 169.0 -1
148 147 168.0 -1
149 147 167.0 -1
149 147 166.0 -1
149 147 165.0 -1
150 146 164.0 -1
150 146 163.0 -1
151 146 162.0 -1
151 146 161.0 -1
151 146 160.0 -1
152 146 159.0 -1
152 146 158.0 -1
153 146 157.0 -1
153 146 156.0 -1
153 146 155.0 -1
154 146 154.0 -1
154 146 153.0 -1
155 147 152.0 -1
155 147 151.0 -1
155 147 150.0 -1
156 147 149.0 -1
156 147 148.0 -1
157 148 147.0 -1
157 148 146.0 -1
157 148 145.0 -1
158 148 144.0 -1
158 148 143.0 -1
160 149 142.0 -1
160 149 141.0 -1
160 149 140.0 -1
161 150 139.0 -1
161 150 138.0 -1
162 151 137.0 -1
162 151 136.0 -1
162 151 135.0 -1
164 152 134.0 -1
164 152 133.0 -1
165 153 132.0 -1
165 153 131.0 -1
165 153 130.0 -1
166 154 129.0 -1
166 154 128.0 -1
168 155 127.0 -1
168 155 126.0 -1
168 155 125.0 -1
169 156 124.0 -1
169 156 123.0 -1
171 157 122.0 -1
171 157 121.0 -1
171 157 120.0 -1
172 158 119.0 -1
172 158 118.0 -1
174 160 117.0 -1
174 160 116.0 -1
174 160 115.0 -1
175 161 114.0 -1
175 161 113.0 -1
177 162 112.0 -1
177 162 111.0 -1
177 162 110.0 -1
179 164 109.0 -1
179 164 108.0 -1
181 165 107.0 -1
181 165 106.0 -1
181 165 105.0 -1
183 166 104.0 -1
183 166 103.0 -1
185 168 102.0 -1
185 168 101.0 -1
185 168 100.0 -1
187 169 100.0 0
187 169 100.0 0
189 171 100.0 0
189 171 100.0 0
189 171 100.0 0
191 172 100.0 0
191 172 100.0 0
194 174 100.0 0
194 174 101.0 1
194 174 102.0 1
196 175 103.0 1
196 175 104.0 1
198 177 105.0 1
198 177 105.0 0
198 177 105.0 0
201 179 105.0 0
201 179 105.0 0
204 181 105.0 0
204 181 105.0 0
204 181 105.0 0
206 183 105.0 0
206 183 105.0 0
209 185 105.0 0
209 185 105.0 0
209 185 105.0 0
212 187 105.0 0
212 187 105.0 0
215 189 105.0 0
215 189 105.0 0
215 189 105.0 0
218 191 105.0 0
218 191 105.0 0
220 194 105.0 0
220 194 105.0 0
220 194 105.0 0
223 196 105.0 0
223 196 105.0 0
226 198 105.0 0
226 198 105.0 0
226 198 105.0 0
229 201 106.0 1
229 201 107.0 1
232 204 108.0 1
232 204 109.0 1
232 204 110.0 1
235 206 111.0 1
235 206 112.0 1
238 209 113.0 1
238 209 114.0 1
238 209 114.0 0
241 212 114.0 0
241 212 114.0 0
243 215 114.0 0
243 215 114.0 0
243 215 114.0 0
246 218 114.0 0
246 218 114.0 0
248 220 114.0 0
248 220 114.0 0
248 220 114.0 0
251 223 114.0 0
251 223 114.0 0
253 226 115.0 1
253 226 116.0 1
253 226 117.0 1
255 229 118.0 1
255 229 119.0 1
257 232 120.0 1
257 232 121.0 1
257 232 122.0 1
258 235 123.0 1
258 235 124.0 1
260 238 125.0 1
260 238 126.0 1
260 238 127.0 1
261 241 128.0 1
261 241 128.0 0
262 243 128.0 0
262 243 128.0 0
262 243 128.0 0
263 246 128.0 0
263 246 128.0 0
263 248 128.0 0
263 248 128.0 0
263 248 128.0 0
263 251 128.0 0
263 251 128.0 0
263 253 128.0 0
263 253 129.0 1
263 253 130.0 1
263 255 131.0 1
263 255 132.0 1
263 257 133.0 1
263 257 134.0 1
263 257 135.0 1
262 258 136.0 1
262 258 137.0 1
261 260 138.0 1
261 260 139.0 1
261 260 140.0 1
259 261 141.0 1
259 261 142.0 1
257 262 143.0 1
257 262 144.0 1
257 262 145.0 1
256 263 146.0 1
256 263 147.0 1
253 263 148.0 1
253 263 149.0 1
253 263 150.0 1
251 263 151.0 1
251 263 152.0 1
248 263 153.0 1
248 263 154.0 1
248 263 155.0 1
246 263 156.0 1
246 263 157.0 1
243 263 158.0 1
243 263 159.0 1
243 263 160.0 1
239 262 161.0 1
239 262 162.0 1
236 261 163.0 1
236 261 164.0 1
236 261 165.0 1
233 259 166.0 1
233 259 167.0 1
229 257 168.0 1
229 257 169.0 1
229 257 170.0 1
225 256 171.0 1
225 256 172.0 1
221 253 173.0 1
221 253 174.0 1
221 253 175.0 1
218 251 176.0 1
218 251 177.0 1
214 248 178.0 1
214 248 179.0 1
214 248 180.0 1
210 246 181.0 1
210 246 182.0 1
206 243 183.0 1
206 243 184.0 1
206 243 185.0 1
202 239 186.0 1
202 239 187.0 1
198 236 188.0 1
198 236 189.0 1
198 236 190.0 1
195 233 191.0 1
195 233 192.0 1
191 229 193.0 1
191 229 194.0 1
191 229 195.0 1
187 225 196.0 1
187 225 197.0 1
184 221 198.0 1
184 221 199.0 1
184 221 200.0 1
181 218 200.0 0
181 218 200.0 0
178 214 199.0 -1
178 214 198.0 -1
178 214 197.0 -1
175 210 196.0 -1
175 210 195.0 -1
172 206 194.0 -1
172 206 193.0 -1
172 206 192.0 -1
170 202 191.0 -1
170 202 191.0 0
168 198 191.0 0
168 198 191.0 0
168 198 191.0 0
166 195 191.0 0
166 195 191.0 0
164 191 191.0 0
164 191 191.0 0
164 191 191.0 0
162 187 191.0 0
162 187 191.0 0
161 184 191.0 0
161 184 191.0 0
161 184 191.0 0
160 181 191.0 0
160 181 191.0 0
159 178 191.0 0
159 178 191.0 0
159 178 190.0 -1
159 175 189.0 -1
159 175 188.0 -1
158 172 187.0 -1
158 172 186.0 -1
158 172 186.0 0
158 170 186.0 0
158 170 186.0 0
158 168 186.0 0
158 168 186.0 0
158 168 185.0 -1
158 166 184.0 -1
158 166 183.0 -1
159 164 182.0 -1
159 164 181.0 -1
159 164 180.0 -1
159 162 179.0 -1
159 162 178.0 -1
160 161 177.0 -1
160 161 176.0 -1
160 161 175.0 -1
161 160 174.0 -1
161 160 173.0 -1
162 159 172.0 -1
162 159 171.0 -1
162 159 170.0 -1
163 159 169.0 -1
163 159 168.0 -1
165 158 167.0 -1
165 158 166.0 -1
165 158 165.0 -1
166 158 164.0 -1
166 158 163.0 -1
168 158 162.0 -1
168 158 161.0 -1
168 158 160.0 -1
169 158 159.0 -1
169 158 158.0 -1
171 159 157.0 -1
171 159 156.0 -1
171 159 155.0 -1
172 159 154.0 -1
172 159 153.0 -1
174 160 152.0 -1
174 160 151.0 -1
174 160 150.0 -1
176 161 149.0 -1
176 161 148.0 -1
177 162 147.0 -1
177 162 146.0 -1
177 162 145.0 -1
179 163 144.0 -1
179 163 143.0 -1
180 165 142.0 -1
180 165 141.0 -1
180 165 140.0 -1
182 166 139.0 -1
182 166 138.0 -1
183 168 137.0 -1
183 168 136.0 -1
183 168 135.0 -1
184 169 134.0 -1
184 169 133.0 -1
186 171 132.0 -1
186 171 131.0 -1
186 171 130.0 -1
187 172 129.0 -1
187 172 128.0 -1
188 174 127.0 -1
188 174 126.0 -1
188 174 125.0 -1
189 176 124.0 -1
189 176 123.0 -1
190 177 122.0 -1
190 177 121.0 -1
190 177 120.0 -1
191 179 119.0 -1
191 179 118.0 -1
191 180 117.0 -1
191 180 116.0 -1
191 180 115.0 -1
192 182 114.0 -1
192 182 113.0 -1
193 183 112.0 -1
193 183 111.0 -1
193 183 110.0 -1
193 184 109.0 -1
193 184 108.0 -1
194 186 107.0 -1
194 186 106.0 -1
194 186 107.0 1
194 187 108.0 1
194 187 109.0 1
194 188 110.0 1
194 188 110.0 0
194 188 110.0 0
194 189 110.0 0
194 189 110.0 0
195 190 110.0 0
195 190 110.0 0
195 190 110.0 0
195 191 111.0 1
195 191 112.0 1
195 191 113.0 1
195 191 114.0 1
195 191 115.0 1
195 192 115.0 0
195 192 115.0 0
195 193 115.0 0
195 193 115.0 0
195 193 115.0 0
195 193 115.0 0
195 193 115.0 0
195 194 115.0 0
195 194 115.0 0
195 194 115.0 0
195 194 115.0 0
195 194 115.0 0
195 194 115.0 0
195 194 115.0 0
195 194 115.0 0
195 194 115.0 0
195 194 115.0 0
196 195 115.0 0
196 195 115.0 0
196 195 115.0 0
196 195 115.0 0
196 195 115.0 0
196 195 115.0 0
196 195 116.0 1
196 195 117.0 1
196 195 118.0 1
196 195 119.0 1
197 195 120.0 1
197 195 120.0 0
197 195 120.0 0
197 195 120.0 0
197 195 120.0 0
198 195 120.0 0
198 195 120.0 0
198 195 120.0 0
198 195 120.0 0
198 195 120.0 0
199 195 120.0 0
199 195 120.0 0
199 195 120.0 0
200 195 120.0 0
200 195 120.0 0
200 196 120.0 0
200 196 120.0 0
200 196 120.0 0
201 196 120.0 0
201 196 120.0 0
